<!doctype html><html lang="en"><head><meta charset="utf-8"/><title>Model Area Index Canvas</title><style>body{margin:0;background:#0b1020;color:#e5ecff;font-family:Inter,system-ui,sans-serif}main{max-width:1400px;margin:0 auto;padding:28px}h1{margin:0 0 6px;font-size:28px}p{color:#a9b6d8;margin:6px 0 18px}canvas{width:100%;height:auto;border:1px solid #26314f;border-radius:18px;background:#111831}code{color:#a5f3fc}</style></head><body><main><h1>Model Area Index</h1><p>Radar charts use normalized area scores from live public pulls. The matrix is capability-vector similarity, not task-error correlation.</p><p><code>795</code> pulled rows across 7 live sources and 7 areas.</p><canvas id="canvas" width="1800" height="1780"></canvas></main><script>
const data={"areas": ["code_execution", "code_repair", "coding_edit", "competitive_programming", "swe_repair", "terminal_agentic", "test_generation"], "models": [{"model": "gpt-4-turbo-2024-04-09", "provider": "openai", "coverage": 4, "mean": 0.6266475105579307, "vector": [0.9604158867783265, 0.3949276167419445, 0.0, 0.24102429065418815, 0.0, 0.0, 0.9102222480572637]}, {"model": "claude-3-haiku", "provider": "anthropic", "coverage": 4, "mean": 0.29681725194780506, "vector": [0.697624711692891, 0.10974363313970256, 0.0, 0.0, 0.0, 0.0, 0.37990066295862673]}, {"model": "gpt-4o-2024-05-13", "provider": "openai", "coverage": 3, "mean": 0.8209021641035331, "vector": [1.0, 0.4627064923105992, 0.0, 0.0, 0.0, 0.0, 1.0]}, {"model": "mistral-large", "provider": "open-weight", "coverage": 3, "mean": 0.5960547485084841, "vector": [0.8372800714880874, 0.34061601538920705, 0.0, 0.0, 0.0, 0.0, 0.6102681586481576]}, {"model": "claude-3-5-sonnet-20241022", "provider": "anthropic", "coverage": 3, "mean": 0.5208276106397635, "vector": [0.0, 0.6678343951504685, 0.5, 0.394648436768822, 0.0, 0.0, 0.0]}, {"model": "gpt-4o-2024-08-06", "provider": "openai", "coverage": 3, "mean": 0.40627993521790456, "vector": [0.0, 0.46198214715924246, 0.5, 0.25685765849447123, 0.0, 0.0, 0.0]}, {"model": "gpt-4o-mini-2024-07-18", "provider": "openai", "coverage": 3, "mean": 0.3643252437370512, "vector": [0.0, 0.3744642550952486, 0.5, 0.21851147611590496, 0.0, 0.0, 0.0]}, {"model": "dracarys2-72b-instruct", "provider": "unknown", "coverage": 2, "mean": 0.8738924680049907, "vector": [0.9845431162526718, 0.0, 0.0, 0.0, 0.0, 0.0, 0.7632418197573095]}, {"model": "gpt-4-turbo-1106", "provider": "openai", "coverage": 2, "mean": 0.855743443954676, "vector": [0.9485696344688508, 0.0, 0.0, 0.0, 0.0, 0.0, 0.7629172534405014]}, {"model": "claude-3-opus", "provider": "anthropic", "coverage": 2, "mean": 0.845612719082528, "vector": [0.9379188755117075, 0.0, 0.0, 0.0, 0.0, 0.0, 0.7533065626533485]}, {"model": "o1-mini-2024-09-12-n-1", "provider": "openai", "coverage": 1, "mean": 1.0, "vector": [0.0, 1.0, 0.0, 0.0, 0.0, 0.0, 0.0]}, {"model": "claude-opus-4-20250514-32k-thinking", "provider": "anthropic", "coverage": 1, "mean": 1.0, "vector": [0.0, 0.0, 1.0, 0.0, 0.0, 0.0, 0.0]}, {"model": "o4-mini-high", "provider": "openai", "coverage": 2, "mean": 0.7483778446492382, "vector": [0.0, 0.0, 0.5, 0.9967556892984765, 0.0, 0.0, 0.0]}, {"model": "claude-4-5-opus-high-reasoning", "provider": "anthropic", "coverage": 1, "mean": 1.0, "vector": [0.0, 0.0, 0.0, 0.0, 1.0, 0.0, 0.0]}], "similarity": [[1.0, 0.9422283830159146, 0.9844470787121398, 0.9773121749228139, 0.2773952733268096, 0.2395834042410654, 0.21618672135063594, 0.9393269595785577, 0.9408482026653504, 0.9407961691066467, 0.2817346305036672, 0.0, 0.15368997701514164, 0.0], [0.9422283830159146, 1.0, 0.9455970735825003, 0.9756977045842097, 0.0990307722125835, 0.08689391061753088, 0.07743642854501985, 0.9778135755654784, 0.9748189624079299, 0.9749378595014535, 0.1368540004311746, 0.0, 0.0, 0.0], [0.9844470787121398, 0.9455970735825003, 1.0, 0.9890968840182931, 0.22501937331756364, 0.19744179385268573, 0.1759523452543226, 0.9428941046245535, 0.9448795739774868, 0.9448100127164167, 0.3109619436968452, 0.0, 0.0, 0.0], [0.9773121749228139, 0.9756977045842097, 0.9890968840182931, 1.0, 0.22599475240706385, 0.19829763392671143, 0.17671503619857024, 0.9495638693240643, 0.9489085148700137, 0.9489388197491598, 0.3123098533147615, 0.0, 0.0, 0.0], [0.2773952733268096, 0.0990307722125835, 0.22501937331756364, 0.22599475240706385, 0.9999999999999999, 0.9827115534534077, 0.9599587669353015, 0.0, 0.0, 0.0, 0.7236235104606035, 0.5417686747757019, 0.6251391136885757, 0.0], [0.2395834042410654, 0.08689391061753088, 0.19744179385268573, 0.19829763392671143, 0.9827115534534077, 1.0, 0.995016651227207, 0.0, 0.0, 0.0, 0.6349387693729186, 0.6871897250545258, 0.6236649447782227, 0.0], [0.21618672135063594, 0.07743642854501985, 0.1759523452543226, 0.17671503619857024, 0.9599587669353015, 0.995016651227207, 0.9999999999999999, 0.0, 0.0, 0.0, 0.5658324075368444, 0.755522589723443, 0.6338891544065306, 0.0], [0.9393269595785577, 0.9778135755654784, 0.9428941046245535, 0.9495638693240643, 0.0, 0.0, 0.0, 0.9999999999999999, 0.9998398692294979, 0.9998517476790091, 0.0, 0.0, 0.0, 0.0], [0.9408482026653504, 0.9748189624079299, 0.9448795739774868, 0.9489085148700137, 0.0, 0.0, 0.0, 0.9998398692294979, 1.0, 0.9999997711275098, 0.0, 0.0, 0.0, 0.0], [0.9407961691066467, 0.9749378595014535, 0.9448100127164167, 0.9489388197491598, 0.0, 0.0, 0.0, 0.9998517476790091, 0.9999997711275098, 1.0, 0.0, 0.0, 0.0, 0.0], [0.2817346305036672, 0.1368540004311746, 0.3109619436968452, 0.3123098533147615, 0.7236235104606035, 0.6349387693729186, 0.5658324075368444, 0.0, 0.0, 0.0, 1.0, 0.0, 0.0, 0.0], [0.0, 0.0, 0.0, 0.0, 0.5417686747757019, 0.6871897250545258, 0.755522589723443, 0.0, 0.0, 0.0, 0.0, 1.0, 0.4483769562905413, 0.0], [0.15368997701514164, 0.0, 0.0, 0.0, 0.6251391136885757, 0.6236649447782227, 0.6338891544065306, 0.0, 0.0, 0.0, 0.0, 0.4483769562905413, 1.0, 0.0], [0.0, 0.0, 0.0, 0.0, 0.0, 0.0, 0.0, 0.0, 0.0, 0.0, 0.0, 0.0, 0.0, 1.0]], "sourceMetadata": [{"source": "aider", "url": "https://aider.chat/docs/leaderboards/", "snapshot_hash": "cea6cab3ac65e4d41cce072fcac5540497d757b3a6f72d997b7c3607b44c470e", "retrieved_at": "2026-07-03T04:45:36+00:00", "record_count": 69}, {"source": "swe_bench", "url": "https://raw.githubusercontent.com/swe-bench/swe-bench.github.io/master/data/leaderboards.json", "snapshot_hash": "c3bf3a74d7d67ba7e2777e197f96894601917e8e186a078133897ed3e81566e5", "retrieved_at": "2026-07-03T04:45:36+00:00", "record_count": 372}, {"source": "terminal_bench", "url": "https://www.tbench.ai/leaderboard/terminal-bench/2.1", "snapshot_hash": "9851e83fc03b57bb7113ee4cec7bd093ac62d65cde2587e2e47234eb034994e9", "retrieved_at": "2026-07-03T04:45:37+00:00", "record_count": 13}, {"source": "livecodebench_generation", "url": "https://raw.githubusercontent.com/LiveCodeBench/livecodebench.github.io/main/src/mocks/performances_generation.json", "snapshot_hash": "e75b9074733b3e265451762650fe71537ad5470cb581c432a1b85e020b822b3c", "retrieved_at": "2026-07-03T04:45:37+00:00", "record_count": 88}, {"source": "livecodebench_execution", "url": "https://raw.githubusercontent.com/LiveCodeBench/livecodebench.github.io/main/src/mocks/performances_execution.json", "snapshot_hash": "580ade078b22ba2c049f0f137ea3942b8fc68a907cd7d6b58f931a4555a79142", "retrieved_at": "2026-07-03T04:45:37+00:00", "record_count": 37}, {"source": "livecodebench_repair", "url": "https://raw.githubusercontent.com/LiveCodeBench/livecodebench.github.io/main/src/mocks/performances_repair.json", "snapshot_hash": "29329509aa410a336772e921e3ee9dc6ea873290420974f6428b6c877190fb9a", "retrieved_at": "2026-07-03T04:45:37+00:00", "record_count": 68}, {"source": "livecodebench_testgen", "url": "https://raw.githubusercontent.com/LiveCodeBench/livecodebench.github.io/main/src/mocks/performances_testgen.json", "snapshot_hash": "9c1a6a1a767f395d9b4a5be0d2015907a4b735c81ded75a5467b8fe8534da566", "retrieved_at": "2026-07-03T04:45:37+00:00", "record_count": 148}], "generatedFromRecords": 795};const canvas=document.getElementById('canvas');const ctx=canvas.getContext('2d');const W=canvas.width,H=canvas.height;const colors=['#60a5fa','#f472b6','#34d399','#fbbf24','#a78bfa','#fb7185','#22d3ee','#c084fc','#4ade80','#f97316','#93c5fd','#f0abfc','#bef264','#fdba74'];function text(s,x,y,size=22,color='#e5ecff',align='left'){ctx.fillStyle=color;ctx.font=`${size}px Inter, system-ui, sans-serif`;ctx.textAlign=align;ctx.fillText(s,x,y)}function line(x1,y1,x2,y2,color='#33415f',w=1){ctx.strokeStyle=color;ctx.lineWidth=w;ctx.beginPath();ctx.moveTo(x1,y1);ctx.lineTo(x2,y2);ctx.stroke()}function polygon(points,fill,stroke,width=2){ctx.beginPath();points.forEach((p,i)=>i?ctx.lineTo(p[0],p[1]):ctx.moveTo(p[0],p[1]));ctx.closePath();ctx.fillStyle=fill;ctx.fill();ctx.strokeStyle=stroke;ctx.lineWidth=width;ctx.stroke()}ctx.clearRect(0,0,W,H);text('Radial capability charts',48,54,30);text('Spokes: '+data.areas.map(a=>a.replaceAll('_',' ')).join(' · '),48,86,18,'#a9b6d8');const areas=data.areas;const cols=4,cellW=420,cellH=295,startX=60,startY=130;data.models.forEach((model,idx)=>{const col=idx%cols,row=Math.floor(idx/cols);const cx=startX+col*cellW+165,cy=startY+row*cellH+125,r=86;const color=colors[idx%colors.length];for(let ring=1;ring<=4;ring++){ctx.beginPath();ctx.arc(cx,cy,r*ring/4,0,Math.PI*2);ctx.strokeStyle='#26314f';ctx.lineWidth=1;ctx.stroke()}const axis=areas.map((area,i)=>{const a=-Math.PI/2+i*Math.PI*2/areas.length;return[cx+Math.cos(a)*r,cy+Math.sin(a)*r,a,area]});axis.forEach(([x,y,a,area])=>{line(cx,cy,x,y,'#33415f');text(String(area).replaceAll('_',' '),cx+Math.cos(a)*(r+38),cy+Math.sin(a)*(r+38),11,'#a9b6d8','center')});const points=model.vector.map((v,i)=>{const a=-Math.PI/2+i*Math.PI*2/areas.length;return[cx+Math.cos(a)*r*v,cy+Math.sin(a)*r*v]});polygon(points,color+'44',color,3);text(model.model,startX+col*cellW,cy+138,16,'#e5ecff');text(`${model.provider} · coverage ${model.coverage}/${areas.length} · mean ${model.mean.toFixed(2)}`,startX+col*cellW,cy+160,13,'#a9b6d8')});const matrixTop=1290;text('Model capability similarity matrix',48,matrixTop,30);text('Cosine similarity over normalized area vectors; not same-task failure correlation.',48,matrixTop+32,18,'#a9b6d8');const labels=data.models.map(m=>m.model);const n=labels.length,size=Math.min(56,Math.floor(1040/n));const mx=390,my=matrixTop+90;labels.forEach((label,i)=>{text(label.slice(0,30),mx-16,my+i*size+size*.62,11,'#a9b6d8','right');text(label.slice(0,16),mx+i*size+size/2,my-12,10,'#a9b6d8','center')});for(let i=0;i<n;i++){for(let j=0;j<n;j++){const v=data.similarity[i][j];const hue=220-220*v;ctx.fillStyle=`hsl(${hue},80%,${18+45*v}%)`;ctx.fillRect(mx+j*size,my+i*size,size-2,size-2);if(size>42)text(v.toFixed(2),mx+j*size+size/2,my+i*size+size*.6,11,v>.6?'#08111f':'#e5ecff','center')}}text('Live sources:',48,H-154,18,'#e5ecff');data.sourceMetadata.forEach((s,i)=>text(`${s.source}: ${s.record_count} rows · sha256 ${s.snapshot_hash.slice(0,12)}`,48,H-126+i*20,14,'#a9b6d8'));
</script></body></html>